% [WARNING]: Not found: autofolio_arff/train/CSP-Minizinc-Time-2016_2/ground_truth.arff (maybe you want to add it)
% [WARNING]: Not found: autofolio_arff/train/CSP-Minizinc-Time-2016_2/feature_costs.arff (maybe you want to add it)
% [WARNING]: Not found: autofolio_arff/train/CSP-Minizinc-Time-2016_2/citation.bib (maybe you want to add it)
% [WARNING]: Cannot read ALGORITHM_CUTOFF_MEMORY
% [WARNING]: Have not found algorithm_cutoff_memory
% [WARNING]: Have not found algorithms_stochastic
% [WARNING]: Feature vector found twice: 2.99119,3.37381,1.19435,0.0,0.0,0.0,2.32199,2.07869,0.32315,0.0,1.70699,2.28246,0.775131,16957.0,19446.4,226.0,232.82,7.82018,1.0,2.0,1.0,12595.0,0.0,1.2085,28770.0,42493.2,15042.8,4337.0,1904.0,7196.0,0.0,0.0,2516.0,3226.0,0.344343,0.151171,0.690462,0.0,0.0,0.199762,0.309538,0.0666931,0.0,840.0,0.0,0.0,0.0,None,0.0,0.0,0.0,0.0,0.0,0.0,0.0,0.0,0.0,0.0,0.0,1.0,0.0,5.0,5.0,5.0,5.0,0.0,0.0,0.0,3.61485,2.17242,0.912533,1.26469,1.78002,2.68539,10258.0,1.17239,0.154063,0.601875,12640.0,14576.4,10849.1,37.0,226.0,226.0,0.0,2.0,0.0540541,2610.0,1627.0,10422.0,0.406544,0.827471,37674.0,22641.0,9510.42
% [WARNING]: Feature vector found twice: 2.94712,2.95185,1.00074,0.0,0.0,0.0,0.488125,0.49928,0.0166215,0.0,1.18798,1.1902,0.000503628,48240.6,48270.6,25.0,58.0482,2.32193,1.0,1.0,1.0,32637.0,0.0,2.06825,96231.0,96339.7,32661.2,2188.0,1616.0,12840.0,0.0,0.0,27465.0,2940.0,0.0670405,0.0495144,0.813688,0.0,0.0,0.84153,0.186312,0.0,0.0,0.0,0.0,0.0,0.0,None,0.0,0.0,0.0,0.0,0.0,0.0,0.0,0.0,0.0,0.0,0.0,1.0,0.0,5.0,0.0,5.0,5.0,0.0,5.0,0.0,6.09537,2.01445,0.889764,2.28677,0.103103,0.416183,14880.0,1.30511,0.0440063,0.493224,15065.0,23081.6,15880.5,153.0,5.0,5.0,0.0,2.0,0.0130719,693.0,69.0,15780.0,0.048289,0.4835,96185.0,31788.0,14040.5
% [WARNING]: Feature vector found twice: 2.94712,2.95185,1.00074,0.0,0.0,0.0,0.488125,0.49928,0.0166215,0.0,1.18798,1.1902,0.000503628,48240.6,48270.6,25.0,58.0482,2.32193,1.0,1.0,1.0,32637.0,0.0,2.06825,96231.0,96339.7,32661.2,2188.0,1616.0,12840.0,0.0,0.0,27465.0,2940.0,0.0670405,0.0495144,0.813688,0.0,0.0,0.84153,0.186312,0.0,0.0,0.0,0.0,0.0,0.0,None,0.0,0.0,0.0,0.0,0.0,0.0,0.0,0.0,0.0,0.0,0.0,1.0,0.0,5.0,0.0,5.0,5.0,0.0,5.0,0.0,6.09537,2.01445,0.889764,2.28677,0.103103,0.416183,14880.0,1.30511,0.0440063,0.493224,15065.0,23081.6,15880.5,153.0,5.0,5.0,0.0,2.0,0.0130719,693.0,69.0,15780.0,0.048289,0.4835,96185.0,31788.0,14040.5
[AEATK] No environment variable "AEATK_SET_TASK_AFFINITY" detected, cores will be treated normally

